{
  "c": [0.000000,1222.538320,0.000000,0.000000,10.000000,10.000000,0.000000,4.000000,2.069000,0.000000,0.000000,0.000000,0.000000],
  "c_err": [657130493420794.000000,4.646614,657130493420794.000000,6571304934207.941406,6571304934207.941406,6571304934207.941406,6571304934207.941406,6571304934207.941406,6571304934207.941406,6571304934207.941406,6571304934207.941406,6571304934207.941406,6571304.934208],
  "iterations": 87,
  "rmserror": 0.117922,
  "wrmserror": 20.902940,
  "y_fit": [1.000000,1.000000,1.000000,1.000000,1.000000,1.000000,1.000000,1.000000,1.000000,1.000000,0.999982,0.999950,0.999886,0.999741,0.999398,0.998520,0.996035,0.987934,0.955488,0.785644,0.134452,0.149781,0.304360,0.278766,0.163014,0.048180,0.010505,0.038995,0.077545,0.094137,0.084439,0.057712,0.028285,0.008884,0.004694,0.012187,0.023491,0.023491,0.010320,0.011653,0.004070,0.005206,0.002610,0.002181,0.002017,0.000786,0.001572,0.000232,0.001126,0.000109,0.000699,0.000163,0.000353,0.000235,0.000133,0.000251,0.000037,0.000206,0.000026,0.000129,0.000051,0.000059,0.000071,0.000018,0.000068,0.000007,0.000049,0.000014,0.000025,0.000023,0.000008,0.000025,0.000003,0.000019,0.000005,0.000010,0.000009,0.000004,0.000010,0.000001,0.000008,0.000002,0.000004,0.000003,0.000002,0.000004,0.000000,0.000003,0.000001,0.000002,0.000001,0.000001,0.000002,0.000000,0.000001,0.000000,0.000001,0.000001,0.000000,0.000001,0.000000,0.000001,0.000000,0.000000,0.000000,0.000000,0.000000,0.000000,0.000000,0.000000,0.000000,0.000000,0.000000,0.000000,0.000000,0.000000,0.000000,0.000000,0.000000,0.000000,0.000000,0.000000,0.000000,0.000000,0.000000,0.000000,0.000000,0.000000,0.000000,0.000000,0.000000,0.000000,0.000000,0.000000,0.000000,0.000000,0.000000,0.000000,0.000000,0.000000,0.000000,0.000000,0.000000,0.000000,0.000000,0.000000,0.000000,0.000000,0.000000,0.000000,0.000000,0.000000,0.000000,0.000000,0.000000,0.000000,0.000000,0.000000,0.000000,0.000000,0.000000,0.000000,0.000000,0.000000,0.000000,0.000000,0.000000,0.000000,0.000000,0.000000,0.000000,0.000000,0.000000,0.000000,0.000000,0.000000,0.000000,0.000000,0.000000,0.000000,0.000000,0.000000,0.000000,0.000000,0.000000,0.000000,0.000000,0.000000,0.000000,0.000000,0.000000,0.000000,0.000000,0.000000,0.000000,0.000000,0.000000,0.000000,0.000000,0.000000,0.000000,0.000000,0.000000,0.000000,0.000000,0.000000,0.000000,0.000000]
}
